1600535
1600519
0000858
1600779
1600327
1600785
1600880
1600837
1600256
1600348
1600188
1600582
1601717
1601989
1600166
1600741
1600547
0002304
0300291
0000400
0000527
0000538
0000895
0300146
1600315
0002353
0002236
1601318
0000963
1600600
0002294
0002415
1600276
1601888
0300024
0000651
0000826
1600066
0000999
1600887
1601633
1600585
1600123
0002029
1600085
0000562
1601808
0300104
1600489
1601566
0300133
1600104
0300005
1600518
1600406
1601166
1600309
1600637
1600267
1600739
0002004
1600511
0000776
1600271
1600048
0300027
1600690
0000563
1600030
1600036
1601607
1601801
0000002
1600031
1600060
0000157
1600000
1601098
1600016
1600415
1600089
0002024
1600383
1600583