
1600597
1600550
1601600
1600050
1601088
1600028
1600585
1600022
1601808
1600428
1601919
1601398
1600019
1600519
1601988
1600005
1600309
1601169
1600104
1600062
1601328
1600089
1600166
1600320
1600008
1600299
1600801
1600362
1600066
1601939
1601998
1600508
1600060
1601111
1600332
1600036
1600029
1600115
1600123
1600383
1600015
1601009
1600048
1600270
1600006
1600018
1600837
1600718
1600600
1600177
1601666
1600085
1600886
1600011
1600418
1600797
1600198
1600031
1601006
1601628
1600588
1600000
1600030
1600352
1600997
1600845
1601872
1600887
1600660
1601318
1600690
1600415
1600879
1600694
1600348
1600737
1600795
1600100
1600489
1600271
1600016
1600816
1600739
1600058
1600406
1600500
1601166
1600150
1600685
1601857
1601333
1600547
1601390
1601866
1600196
1600511
1600351
1600713
1600276
1600664
1600812
1600132
1601918
1600595
1601168
1601991
1600188
1601001
1601699
1600518
1600327
1601601
1600267
1600970
1600535
1600325
1601898
1600900
1600581
1600315
1601186
1600161
1601899
1600216
1600875
1600741
1600829
1600583
1600498
1600458
1600056
1600750
1600748
1600674
1600663
1600026
1601727
1600266
1600720
1600429
1600369
1600118
1600449
1600416
1600993
1600809
1600582
1600151
1600893
1600312
1600497
1600827
1601668
1600962
1601788
1601999
1601989
1601888
1601618
1600390
1600420
1600425
1600009
1600038
1600073
1600088
1600221
1600268
1600290
1600307
1600316
1600361
1600375
1600376
1600380
1600531
1600537
1600551
1600557
1600609
1600675
1600880
1600961
1600999
1601003
1601766
1601299
1600823
1601933
1600710
1600236
1600546
1600703
1600533
1600763
1601818
1600391
1600037
1600111
1601377
1601688
1600259
1600298
1600998
1600571
1601007
1600482
1600072
1600642
1600523
1600081
1600195
1600825
1600884
1601801
1600329
1601098
1600789
1600238
1600055
1600310
1601288
1600587
1601607
1600859
1600436
1600742
1601558
1600303
1601519
1600573
1600478
1600729
1600184
1600095
1600644
1601992
1600143
1601116
1600246
1600460
1600770
1600971
1600983
1600740
1600572
1600525
1601101
1600363
1600873
1601199
1600373
0002304
1600779
0000895
1600785
1600761
1601717
1600612
1601002
1600586
1600252
1600199
1600090
1600815
1600871
1600657
1600109
1600495
1600584
0000776
1601566
1601158
1601010
1601118
1601901
1600372
1601908
1601633
1600633
1601928
1601258
1601555
1600890
1601336
1600371
1600637
1601677
1600308
1600833
1600704
1601929
1601800
1600340
1601139
1600702
1601238
1600113
1601388
1601369
1600830
1600606
1600120
1603001
1603000
1600086
1600251
0300146
0000538
0002310
0300291
0000869
0002353
0002422
0002241
0002081
0000049
0000568
0300070
0000423
0300314
0000028
0000858
0000963
0300244
0300336
0002230
0300212
0002415
0300339
0300113
0000513
0002421
0002262
0300182
0300251
0300075
0300024
0000826
0002433
0002646
0000581
0002037
0002570
0002503
0000999
0300104
0002251
0002294
0002400
0002029
0002563
0000522
0002428
0000651
0002511
0002345
0000024
0000998
0300017
0002385
0002269
0300297
0002399
0300015
0000777
0002424
0002557
0002065
0002322
0002001
0002292
0002629
0300005
0002437
0000338
0000400
0300128
0002477
0002412
0000042
0000562
0300027
0000630
0000852
0002546
0300170
0002223
0002004
0002311
0000878
0002277
0002063
0002287
0002594
0300130
0300033
0000686
0002470
0300203
0300133
0000623
0002152
0002531
0002642
0002509
0000550
0002255
0002275
0300172
0300123
0002350
0002534
0000001
0000876
0002028
0300156
0002358
0000996
0000563
0300068
0002226
0002490
0000983
0002128
0002678
0002238
0000786
0000938
0000937
0002022
0000501
0002285
0000917
0002032
0002154
0300059
0000728
0300003
0000401
0002306
0000425
0002011
0000063
0300147
0000951
0000039
0000750
0002142
0002461
0000002
0000528
0002161
0000157
0000783
0000099
0000883
0000060
0000920
0000800
0002267
0000012
0002030
0002242
0000591
0002024
0000650
0000793
0000718
0000078
0000415
0000402
0002264
0000729
0000069
0002202
0000625
0000680
0000930
0000006
0000825
0000709
0000100
0000725
0000527
1600157
1603167
1603366
1603008
1601608
