
1601766
1600597
1600550
1601600
1600050
1601088
1600028
1600585
1600022
1601808
1600428
1601919
1601398
1600019
1600519
1601988
1600005
1600309
1601169
1600104
1600062
1601328
1600089
1600166
1600320
1600008
1600299
1600801
1600362
1600066
1600808
1601939
1601998
1600508
1600060
1601111
1600332
1600036
1600029
1600115
1600123
1600383
1600015
1600048
1600270
1600006
1600018
1600837
1600718
1600600
1600177
1601666
1600085
1600886
1600011
1600418
1600797
1600198
1600031
1601006
1601628
1600588
1600000
1600030
1600352
1600997
1600845
1601872
1600887
1600660
1601318
1600690
1600415
1600879
1600348
1600737
1600795
1600100
1600489
1600271
1600016
1600816
1600739
1600058
1600406
1600500
1601166
1600150
1600685
1601857
1600547
1601390
1601866
1600196
1600511
1600351
1600713
1600276
1600664
1600812
1600132
1601918
1600595
1601991
1600188
1601001
1601699
1600518
1600327
1601601
1600267
1600970
1600535
1600325
1601898
1600900
1600631
1600581
1600315
1601186
1600161
1601899
1600216
1600875
1600741
1600829
1600583
1600498
1600458
1600056
1600750
1600748
1600674
1600663
1600026
1601727
1600266
1600720
1600429
1600369
1600118
1600449
1600416
1600993
1600809
1600582
1600151
1600312
1600497
1600827
1601668
1600962
1601788
1601299
1601999
1601989
1601888
1601618
1600390
1600420
1600425
1600009
1600038
1600073
1600088
1600221
1600268
1600290
1600307
1600316
1600361
1600376
1600380
1600531
1600537
1600551
1600675
1600880
1600961
1600999
1601003
1600586
1600884
1600478
1600893
1600055
1600587
1600523
1600298
1600236
1600983
1600482
1600072
1600703
1600037
1601801
1600391
1600833
1601877
1601179
1600292
1600823
0000776
1600102
1600644
1601688
1600779
1600371
1600710
1600195
1601607
1600789
1600557
1600479
1600572
1600238
1600694
1600329
1600533
1600890
1601000
1600303
1600184
1600740
1600763
1600081
1600517
1601018
1600372
1600111
1600259
1601818
1601377
1600742
1600436
1600859
1600410
1600825
1600059
1600199
1601098
1600549
1600831
1601288
1601007
1600998
1601009
1600571
1600642
1600095
1601880
1600495
1601002
1600874
1600546
1601933
1600310
1601558
1601519
1600657
1600446
0000998
1601116
1601992
1600143
1600460
1600971